0.0	0.995		2.452484627
0.1	1.1029		2.575884793
0.2	1.2108		2.69658179
0.3	1.3187		2.81572304
0.4	1.4265		2.934264261
0.5	1.5346		3.053630647
0.6	1.6493		3.181837306
0.7	1.764		3.312604837
0.8	1.8788		3.446930514
0.9	1.9935		3.585355104
1.0	2.1055		3.725229849
1.1	2.1238		3.748564575
1.2	2.1421		3.772039997
1.3	2.1604		3.795658108
1.4	2.1786		3.819290589
1.5	2.1973		3.843723224
1.6	2.2295		3.886158318
1.7	2.2617		3.929061754
1.8	2.2939		3.97244213
1.9	2.3261		4.016307396
2.0	2.3582		4.06052633
2.1	2.3881		4.102160494
2.2	2.418		4.144229606
2.3	2.4478		4.186595111
2.4	2.4777		4.229545198
2.5	2.5075		4.272795939
2.6	2.5347		4.312662769
2.7	2.5619		4.35290338
2.8	2.589		4.393369274
2.9	2.6162		4.43436027
3.0	2.6433		4.475575814
16.0 3.537 6.066
20.0 3.671 6.318
25.0 3.814 6.613
30.0 3.979 6.937
35.0 4.180 7.298
40.0 4.293 7.465
45.0 4.383 7.606
50.0 4.481 7.786
60.0 4.558 7.962
70.0 4.593 8.071
80.0 4.638 8.124
90.0 4.685 8.174
100.0 4.700 8.229
120.0 4.739 8.328
