0.0	0.995		2.452484627
0.1	1.1029		2.575884793
0.2	1.2108		2.69658179
0.3	1.3187		2.81572304
0.4	1.4265		2.934264261
0.5	1.5346		3.053630647
0.6	1.6493		3.181837306
0.7	1.764		3.312604837
0.8	1.8788		3.446930514
0.9	1.9935		3.585355104
1.0	2.1055		3.725229849
1.1	2.1238		3.748564575
1.2	2.1421		3.772039997
1.3	2.1604		3.795658108
1.4	2.1786		3.819290589
1.5	2.1973		3.843723224
1.6	2.2295		3.886158318
1.7	2.2617		3.929061754
1.8	2.2939		3.97244213
1.9	2.3261		4.016307396
2.0	2.3582		4.06052633
2.1	2.3881		4.102160494
2.2	2.418		4.144229606
2.3	2.4478		4.186595111
2.4	2.4777		4.229545198
2.5	2.5075		4.272795939
2.6	2.5347		4.312662769
2.7	2.5619		4.35290338
2.8	2.589		4.393369274
2.9	2.6162		4.43436027
3.0	2.6433		4.475575814
3.1	2.6675		4.51269785
3.2	2.6917		4.55011914
3.3	2.7159		4.587839629
3.4	2.7401		4.625859055
3.5	2.7642		4.664017998
3.6	2.7849		4.697029331
3.7	2.8056		4.730258013
3.8	2.8264		4.763865485
3.9	2.8471		4.797527834
4.0	2.8677		4.831241061
4.1	2.8843		4.858562336
4.2	2.9009		4.886020723
4.3	2.9174		4.913448977
4.4	2.934		4.941178913
4.5	2.9505		4.968875749
4.6	2.9624		4.988933521
4.7	2.9742		5.008890672
4.8	2.9861		5.029085162
4.9	2.998		5.049347838
5.0	3.0099		5.069678377
5.1	3.0215		5.08956138
5.2	3.0331		5.109508227
5.3	3.0447		5.129518583
5.4	3.0563		5.149592106
5.5	3.068		5.169902302
5.6	3.0813		5.193067087
5.7	3.0945		5.216138302
5.8	3.1078		5.239464925
5.9	3.1211		5.262871875
6.0	3.1343		5.286181639
6.1	3.1465		5.307794777
6.2	3.1588		5.329651897
6.3	3.1711		5.35157558
6.4	3.1833		5.373386231
6.5	3.1955		5.395261274
6.6	3.2067		5.415399486
6.7	3.2179		5.435591043
6.8	3.2291		5.455835489
6.9	3.2403		5.476132358
7.0	3.2515		5.496481174
7.1	3.2615		5.514693262
7.2	3.2716		5.533128755
7.3	3.2816		5.551422236
7.4	3.2917		5.569939201
7.5	3.3017		5.588312605
7.6	3.3103		5.604145099
7.7	3.3188		5.619821747
7.8	3.3274		5.635711167
7.9	3.336		5.651628845
8.0	3.3445		5.667388955
8.1	3.3515		5.680388237
8.2	3.3584		5.693219675
8.3	3.3654		5.706255054
8.4	3.3723		5.719121798
8.5	3.3792		5.732005861
8.6	3.3842		5.741352883
8.7	3.3891		5.750521664
8.8	3.394		5.759699009
8.9	3.3989		5.768884865
9.0	3.4038		5.77807918
9.1	3.4074		5.784839549
9.2	3.411		5.791604436
9.3	3.4146		5.79837382
9.4	3.4182		5.805147681
9.5	3.4218		5.811925998
9.6	3.426		5.819839638
9.7	3.4303		5.827947916
9.8	3.4346		5.836062451
9.9	3.4388		5.843994279
10.0	3.4431	5.852121072
10.1	3.447	5.859497202
10.2	3.4509	5.86687836
10.3	3.4549	5.874453973
10.4	3.4588	5.881845233
10.5	3.4628	5.889431149
10.6	3.4661	5.895693423
10.7	3.4695	5.902149127
10.8	3.4729	5.908608529
10.9	3.4763	5.915071612
11.0	3.4796	5.921348106
11.1	3.4823	5.926485972
11.2	3.485	5.931626125
11.3	3.4877	5.936768557
11.4	3.4905	5.942103845
11.5	3.4932	5.947250888
11.6	3.4952	5.951064962
11.7	3.4973	5.955071063
11.8	3.4993	5.958887654
11.9	3.5014	5.96289639
12.0	3.5035	5.966906468
12.1	3.5049	5.969580596
12.2	3.5064	5.972446392
12.3	3.5078	5.975121748
12.4	3.5093	5.977988856
12.5	3.5107	5.980665433
12.6	3.5114	5.982003942
12.7	3.5122	5.983533846
12.8	3.5129	5.984872669
12.9	3.5137	5.986402931
13.0	3.5144	5.987742068
13.1	3.5148	5.988507354
13.2	3.5153	5.989464029
13.3	3.5157	5.990229422
13.4	3.5162	5.991186231
13.5	3.5166	5.991951731
13.6	3.5173	5.993291471
13.7	3.5179	5.994439935
13.8	3.5185	5.995588506
13.9	3.5191	5.996737183
14.0	3.5197	5.997885966
14.1	3.5201	5.998651881
14.2	3.5205	5.999417843
14.3	3.521	6.000375361
14.4	3.5214	6.001141429
14.5	3.5218	6.001907544
14.6	3.5221	6.002482161
14.7	3.5225	6.003248359
14.8	3.5228	6.003823038
14.9	3.5232	6.004589317
15.0	3.5235	6.005164058
15.1	3.5238	6.005738824
15.2	3.524	6.006122017
15.3	3.5242	6.006505221
15.4	3.5245	6.00708005 
16.000	3.735313042 	6.415
20.000	3.822593482 	6.614
25.000	3.908622404 	6.807
30.000	4.020182118.	7.046
35.000	4.167370786 	7.333
40.000	4.252685172 	7.483
45.000	4.323714229 	7.599
50.000	4.39782046 	    7.712
60.000	4.469400692 	7.814
70.000	4.552928343 	7.925
80.000	4.690156523 	8.091
90.000	4.777013481 	8.187
100.000 4.775143851	    8.185
120.000	4.877948275		8.291
