0.0	0.995		2.452484627
0.1	1.1029		2.575884793
0.2	1.2108		2.69658179
0.3	1.3187		2.81572304
0.4	1.4265		2.934264261
0.5	1.5346		3.053630647
0.6	1.6493		3.181837306
0.7	1.764		3.312604837
0.8	1.8788		3.446930514
0.9	1.9935		3.585355104
1.0	2.1055		3.725229849
1.1	2.1238		3.748564575
1.2	2.1421		3.772039997
1.3	2.1604		3.795658108
1.4	2.1786		3.819290589
1.5	2.1973		3.843723224
1.6	2.2295		3.886158318
1.7	2.2617		3.929061754
1.8	2.2939		3.97244213
1.9	2.3261		4.016307396
2.0	2.3582		4.06052633
2.1	2.3881		4.102160494
2.2	2.418		4.144229606
2.3	2.4478		4.186595111
2.4	2.4777		4.229545198
2.5	2.5075		4.272795939
2.6	2.5347		4.312662769
2.7	2.5619		4.35290338
2.8	2.589		4.393369274
2.9	2.6162		4.43436027
3.0	2.6433		4.475575814
3.1	2.6675		4.51269785
3.2	2.6917		4.55011914
3.3	2.7159		4.587839629
3.4	2.7401		4.625859055
3.5	2.7642		4.664017998
3.6	2.7849		4.697029331
3.7	2.8056		4.730258013
3.8	2.8264		4.763865485
3.9	2.8471		4.797527834
4.0	2.8677		4.831241061
4.1	2.8843		4.858562336
4.2	2.9009		4.886020723
4.3	2.9174		4.913448977
4.4	2.934		4.941178913
4.5	2.9505		4.968875749
4.6	2.9624		4.988933521
4.7	2.9742		5.008890672
4.8	2.9861		5.029085162
4.9	2.998		5.049347838
5.0	3.0099		5.069678377
16.0 4.180 7.298
