  -5.0  3.116583  5.434196
   0.0  3.250395  5.660837
   1.0  3.276476  5.705080
   2.0  3.302329  5.748960
   5.0  3.378525  5.878430
   8.0  3.452676  6.004643
  12.0  3.548362  6.167860
  16.0  3.640411  6.325287
  20.0  3.728823  6.476923
  25.0  3.834225  6.658325
  30.0  3.933944  6.830679
  35.0  4.027982  6.993986
  40.0  4.116337  7.148245
  45.0  4.199010  7.293456
  50.0  4.276001  7.429619
  60.0  4.412936  7.674802
  70.0  4.527143  7.883795
  80.0  4.618622  8.056596
  90.0  4.687372  8.193206
 100.0  4.733393  8.293625
 120.0  4.757251  8.385891