0.00000 3.250395 5.660837
1.00000 3.276476 5.705080
2.00000 3.302329 5.748960
5.00000 3.31100 5.79750
8.00000 3.37860 5.83350
12.00000 3.42170 5.84800
16.00000 3.45670 5.85720
20.00000 3.47300 5.86200
25.00000 3.47700 5.86350
30.00000 3.48370 5.87550
34.55200 3.49200 5.89530
34.55200 4.54400 8.01500 
40.00000 4.54400 8.01500 
45.00000 4.54400 8.01500 
50.00000 4.54400 8.01500 
60.00000 4.54400 8.01500 
80.00000 4.618622 8.056596
90.00000 4.687372 8.193206
100.00000 4.733393 8.293625
120.00000 4.757251 8.385891
