   0.0  3.250395  5.660837
   1.0  3.276476  5.705080
   2.0  3.302329  5.748960
   5.0  3.378525  5.878430
   8.0  3.452676  6.004643
  12.0  3.548362  6.167860
  16.0  3.640411  6.325287
  20.0  3.728823  6.476923
  25.0  3.834225  6.658325
  30.0  3.933944  6.830679
  34.552  4.027982  6.993986
  34.552 4.54400 8.01500
  40.0  4.54400 8.01500
  50.0  4.54400 8.01500
  60.0  4.54400 8.01500
  80.0  4.618622  8.056596
  90.0  4.687372  8.193206
 100.0  4.733393  8.293625
 120.0  4.757251  8.385891